Sample,1,10,100,101,102,103,104,105,106,107,108,109,11,110,111,112,113,114,115,116,117,118,119,12,120,121,122,123,124,125,126,127,128,129,13,130,131,132,133,134,135,136,137,138,139,14,140,141,142,143,144,145,146,147,148,149,15,150,151,152,153,154,155,156,157,158,159,16,160,161,162,163,164,165,166,167,168,169,17,170,171,172,173,174,175,176,177,178,179,18,180,181,182,183,184,185,186,187,188,189,19,190,191,192,193,194,195,196,197,198,199,2,20,200,201,202,203,204,205,206,207,208,209,21,210,211,212,214,215,216,217,218,219,22,220,221,23,24,25,26,27,28,29,3,30,31,32,33,34,35,36,37,38,39,4,40,41,42,43,44,45,46,47,48,49,5,50,51,52,53,54,55,56,57,58,59,6,60,61,62,63,64,65,66,67,68,69,7,70,71,72,73,74,75,76,77,78,79,8,80,81,82,83,84,85,86,87,88,89,9,90,91,92,93,94,95,96,97,98,99
1,2.273244,-0.038409,0.072359,0.050564,-0.040478,0.070915,0.028264,0.081044,0.063968,-0.007143,-0.012870,-0.071779,-0.042125,0.074165,0.028331,0.046681,-0.057789,-0.066019,-0.037637,-0.055762,0.008114,-0.044594,-0.053256,-0.036969,-0.076392,-0.023437,-0.027721,-0.031144,-0.036474,-0.031525,-0.025874,-0.002852,-0.042112,-0.030713,-0.068633,-0.004888,0.013470,1.692276,-0.042629,-0.092199,0.005999,-0.004582,-0.037430,0.104509,0.060930,-0.025868,0.097187,-0.033602,0.034653,-0.036009,-0.037362,0.006091,-0.011421,0.014561,-0.050943,-0.059688,-0.055488,-0.048656,0.025389,0.045076,-0.007751,-0.047143,-0.042484,0.022975,-0.044324,-0.037065,-0.007955,-0.073880,0.070002,0.022789,-0.018828,-0.058506,-0.039056,-0.048097,-0.061207,-0.052412,-0.032502,-0.022908,-0.014325,-0.065946,-0.053411,-0.050475,-0.074996,-0.068325,0.087579,-0.002079,-0.058907,-0.041687,-0.026384,-0.032567,-0.015497,-0.022245,-0.051017,-0.041438,-0.052714,-0.029298,-0.032574,-0.032567,0.019204,-0.063345,-0.068825,-0.050808,-0.012588,-0.039646,-0.020311,-0.033888,-0.003078,-0.025260,-0.034607,-0.023918,-0.046495,0.208332,-0.022556,-0.020434,-0.050000,-0.069589,-0.064723,-0.022243,0.010305,-0.005286,-0.029533,-0.123359,-0.054569,-0.049117,-0.050052,-0.084934,0.053426,0.069744,0.008881,-0.057549,0.021304,-0.010766,0.053996,-0.038229,-0.012503,-0.107781,-0.043127,-0.069215,-0.049489,-0.043781,-0.018029,-0.030457,-0.038811,1.502562,-0.072304,-0.037982,-0.054344,-0.045301,-0.045279,-0.057248,-0.055109,-0.059910,-0.030880,-0.065505,-0.026385,-0.017962,-0.028069,0.021824,-0.027453,-0.020488,0.022335,0.017710,-0.029521,0.010753,0.034836,-0.046082,-0.016439,-0.033097,-0.009487,-0.063751,-0.029081,-0.054276,-0.051758,0.012762,0.011813,-0.055985,-0.024737,-0.073180,-0.060670,-0.052882,-0.062521,-0.059972,-0.033019,-0.042708,-0.025528,-0.028324,-0.067653,0.060316,-0.045489,-0.023217,-0.041488,-0.037602,-0.019987,-0.068600,-0.044944,-0.055109,-0.046576,-0.067362,-0.041279,-0.001565,0.002956,-0.017597,-0.030587,-0.021309,-0.073244,-0.020262,-0.081104,-0.003068,0.047693,-0.036605,-0.040115,-0.046344,-0.060087,-0.065195,-0.047894,-0.050222,-0.008061,-0.061068,-0.069584,-0.049490
10,-0.038409,1.434424,-0.160365,-0.095548,-0.082580,-0.133029,-0.140502,-0.039584,-0.151340,-0.096000,-0.014023,0.005271,-0.005306,-0.146095,-0.120571,-0.047084,-0.001384,-0.038067,-0.034909,-0.006371,-0.037952,-0.064239,0.021470,0.017464,-0.006727,-0.018428,0.016793,-0.009855,-0.006788,-0.040109,-0.070341,-0.028652,-0.030334,0.018839,0.065560,0.020401,-0.057472,-0.038831,0.050169,-0.005610,-0.132930,-0.096107,-0.007452,-0.098544,-0.128020,-0.011007,-0.173603,-0.096625,-0.168894,0.065452,-0.041397,-0.061146,-0.034149,-0.079825,0.006056,-0.042424,0.058630,-0.067762,-0.194574,-0.201008,0.008673,0.001630,0.052316,-0.056603,0.059144,0.021553,0.035559,0.019788,-0.064113,0.039509,-0.017391,0.012036,0.015390,0.016863,-0.057629,-0.052572,-0.021005,0.043439,0.069833,0.074448,0.150945,0.066481,-0.017460,0.010217,-0.104139,0.008985,0.092895,0.003806,0.030273,-0.016886,-0.032318,0.043000,0.059005,0.014972,0.011087,-0.009967,-0.004809,-0.047977,-0.081912,-0.032794,0.117120,-0.072825,0.048839,-0.097369,-0.019236,0.044261,-0.087291,-0.055326,-0.025437,0.022827,0.037612,-0.075299,-0.003977,-0.006133,0.152980,0.059935,-0.007490,-0.106650,-0.056041,-0.075592,-0.041083,-0.062146,-0.083930,0.040437,-0.008934,-0.019274,-0.205765,-0.146853,-0.059179,0.015949,-0.135953,-0.146165,-0.126551,0.022446,-0.019810,0.016907,0.046768,-0.013589,0.008459,0.064561,-0.025606,0.002912,0.069909,-0.029859,0.089757,0.070326,-0.004684,0.006984,-0.007390,0.086485,0.025619,0.100259,0.077508,0.047506,0.031937,0.054090,-0.063086,-0.078673,0.001590,-0.049357,-0.024283,-0.023929,0.018530,0.005594,-0.057295,0.010761,0.059517,0.065492,0.097777,0.040473,0.002543,0.136340,0.096502,0.153898,-0.042278,0.153752,0.027009,0.066078,0.027035,0.112177,0.086941,0.077653,0.072767,0.248757,0.038156,0.076388,0.100716,-0.057120,0.134036,-0.007934,0.039117,0.010534,0.033200,0.028995,0.044076,0.062509,0.070408,0.060249,0.050165,-0.011670,-0.027867,-0.047045,-0.018396,0.000147,-0.005583,-0.053728,0.130971,-0.004660,-0.134409,0.040001,-0.029270,0.035186,0.049546,-0.046685,0.083314,0.008510,-0.039154,-0.025622,-0.045814,-0.023336
100,0.072359,-0.160365,4.141602,1.040170,-0.080245,0.220455,0.303727,0.061955,0.106230,0.384863,-0.134738,-0.500422,-0.047036,0.591830,0.128814,0.547349,-0.247253,-0.238439,0.230315,-0.150190,-0.034345,-0.036959,-0.277795,-0.223249,-0.367994,-0.095080,-0.229537,0.190784,-0.081447,0.217432,0.192759,0.088390,0.014579,-0.036000,-0.350760,-0.065829,0.372102,0.106957,0.083521,-0.163265,0.560984,0.383946,-0.043914,0.383036,0.026263,-0.172391,0.288013,0.367224,0.550368,-0.111972,0.026329,0.367970,-0.045801,0.439612,-0.182880,-0.035885,-0.314011,0.370153,1.289545,1.157610,0.028392,-0.242264,-0.391319,-0.176181,-0.404839,-0.352616,-0.128512,-0.369358,0.238065,-0.161619,-0.095889,-0.258944,-0.049703,-0.165158,-0.140273,0.026435,-0.093972,-0.093672,-0.068823,-0.177581,-0.190258,-0.344051,-0.289674,-0.093077,0.649355,-0.153939,-0.419187,0.079299,-0.104160,0.120507,-0.032134,0.188389,-0.326242,-0.049677,-0.475267,0.278723,0.004977,-0.178380,-0.218993,-0.119800,-0.378739,0.254578,-0.153426,-0.164518,-0.051727,-0.231461,0.255333,-0.113167,-0.138151,-0.264253,0.346046,0.054668,-0.053857,0.005222,-0.329287,-0.462862,-0.482504,0.300644,0.339501,0.116215,-0.158294,-0.083076,0.352296,-0.432239,-0.069119,-0.461223,1.445590,1.083877,-0.097583,-0.535232,0.590706,0.607749,0.964817,-0.405138,0.073861,-0.098617,-0.254244,-0.386279,-0.228194,-0.388868,-0.052759,-0.262361,-0.207715,0.014773,-0.259717,-0.156618,-0.116917,-0.232468,-0.137417,-0.189448,-0.207330,-0.293287,0.041307,0.098463,-0.282531,0.017641,0.402267,0.223001,0.032163,0.390867,0.253986,0.413026,0.045343,0.251704,0.561904,-0.274096,0.101696,-0.076647,-0.054576,-0.152649,-0.022983,-0.283223,-0.280031,0.062312,0.599088,-0.068306,-0.292674,-0.193581,-0.119797,-0.373292,-0.319244,-0.430761,-0.249195,-0.200932,0.472883,-0.370303,-0.482381,-0.009295,-0.492596,-0.051116,-0.104067,-0.080013,-0.114150,-0.201889,-0.021632,-0.100575,-0.499983,-0.344820,-0.104871,0.143886,0.155576,-0.029209,-0.035994,-0.137764,-0.279170,0.021413,-0.429864,0.169143,0.124412,0.036117,-0.085335,-0.347260,-0.351822,-0.284761,-0.355905,-0.126517,0.397277,-0.102752,-0.183656,-0.009063
101,0.050564,-0.095548,1.040170,3.274283,-0.074237,0.175607,0.114227,0.064578,0.072052,0.198851,-0.159466,-0.335897,-0.066068,0.369125,0.085448,0.410224,-0.205841,-0.222713,0.109239,-0.148970,-0.002430,-0.089905,-0.176344,-0.111329,-0.269341,-0.063007,-0.180958,0.100915,-0.070692,0.013521,0.036062,0.063641,-0.056918,-0.062573,-0.208465,-0.015336,0.252613,0.067133,0.014556,-0.162527,0.306318,0.230630,-0.030300,0.241830,0.015399,-0.028198,0.194725,0.244162,0.294823,-0.062924,-0.097745,0.119335,0.004591,0.180770,-0.141978,-0.060838,-0.180667,0.097414,0.788599,0.663693,-0.005003,-0.207835,-0.275461,-0.045619,-0.260588,-0.201590,-0.027202,-0.278759,0.113689,-0.098230,-0.067186,-0.176215,-0.088080,-0.075273,-0.102162,-0.012296,-0.105734,-0.021262,-0.024739,-0.062582,-0.099031,-0.223656,-0.226922,-0.070181,0.484076,-0.093170,-0.248869,0.087243,-0.102222,0.032889,-0.012934,0.072962,-0.192271,-0.067479,-0.341302,0.185952,0.019493,-0.116310,-0.128137,-0.128144,-0.203253,0.062783,-0.056380,-0.128736,-0.045824,-0.207159,0.128681,-0.072539,-0.072077,-0.108189,0.268772,0.094993,-0.019576,0.024669,-0.135601,-0.316119,-0.321305,0.234935,0.233226,0.034754,-0.126929,-0.136784,0.202815,-0.295279,0.044168,-0.364802,0.806568,0.556531,-0.075062,-0.323040,0.268250,0.291801,0.583631,-0.307888,0.081636,-0.148276,-0.126179,-0.268541,-0.150484,-0.173329,0.010081,-0.152520,-0.018339,-0.009224,-0.163382,-0.070155,-0.063976,-0.144046,-0.087402,-0.162382,-0.122544,-0.132079,0.077065,0.058850,-0.143758,0.040314,0.222499,0.202775,-0.038626,0.262543,0.200371,0.347829,0.054980,0.267221,0.426968,-0.145134,0.152408,-0.048469,-0.092454,-0.126730,-0.073002,-0.191835,-0.166406,0.108591,0.314759,-0.001652,-0.198867,-0.120206,-0.072607,-0.276738,-0.242266,-0.297657,-0.137612,-0.088753,0.375153,-0.195632,-0.300373,0.025085,-0.320069,-0.107381,-0.040653,-0.085454,-0.028270,-0.159753,-0.020645,-0.071186,-0.317879,-0.252635,-0.085348,0.169296,0.091499,-0.058005,-0.064751,-0.085650,-0.170458,0.138266,-0.283073,0.126752,0.089873,0.034396,-0.036735,-0.213424,-0.245802,-0.252945,-0.231377,0.059814,0.406224,-0.084455,-0.170087,0.148636
102,-0.040478,-0.082580,-0.080245,-0.074237,1.702579,-0.116871,-0.017378,-0.029096,0.072697,-0.020947,0.132194,0.125290,0.047917,-0.020063,0.075349,-0.083131,-0.009152,0.114183,-0.017872,0.061421,-0.027349,0.134563,0.020894,0.027737,0.118079,0.122082,0.027291,-0.131918,-0.037839,-0.085400,-0.088139,-0.117585,0.016135,0.014791,0.104711,-0.020128,-0.068287,-0.031757,-0.072154,0.068800,-0.155950,-0.198575,-0.073623,-0.134989,-0.042023,0.062287,-0.052461,-0.029474,-0.014832,-0.009187,-0.145665,-0.113241,-0.050841,-0.191405,-0.030184,-0.078119,0.003035,-0.173531,-0.298286,-0.221071,0.038188,0.032413,0.061607,-0.010889,0.055518,0.087524,0.021636,0.169153,-0.017070,-0.008749,-0.066157,-0.061271,-0.016002,-0.003377,0.174535,-0.044909,0.079614,-0.016130,-0.072717,0.108998,-0.055199,0.032552,0.061596,-0.041248,-0.027923,-0.047233,0.025196,-0.008065,0.039267,-0.040230,-0.024172,-0.123843,0.052713,-0.033959,0.216765,-0.056931,-0.058173,0.125776,0.065464,0.038745,0.023779,0.021142,0.006566,0.135360,0.030679,-0.002742,-0.043971,0.138723,0.084481,0.142943,-0.065044,0.039857,-0.031561,-0.013475,0.063211,0.231303,0.199272,0.146795,-0.072421,-0.053776,0.083166,0.059910,-0.116324,0.031777,-0.050290,0.111905,-0.256147,-0.153476,-0.029687,0.218121,-0.174193,-0.147809,-0.189043,0.038405,-0.050911,-0.001732,-0.001468,0.084382,0.005444,0.004905,0.022702,-0.001823,0.002131,-0.023340,0.026985,-0.025335,0.006966,-0.028715,-0.027352,-0.048128,-0.057585,0.006901,-0.113575,-0.056470,0.052522,-0.104861,-0.159122,-0.072511,-0.099571,-0.131080,-0.127145,-0.148114,-0.032025,-0.126774,-0.194368,0.030378,-0.093271,-0.083251,-0.078793,-0.027528,-0.068765,0.006123,-0.045674,-0.118720,-0.173437,-0.118334,-0.014177,-0.007841,-0.048217,0.094121,-0.001478,0.038846,0.031921,-0.047878,-0.176801,0.058977,0.023213,-0.060492,0.027608,-0.029733,0.012707,0.028940,-0.009269,-0.073556,-0.091172,-0.055081,0.207929,-0.031364,0.013194,-0.069114,0.072869,-0.030042,-0.054326,-0.014002,0.116980,0.184417,0.085496,-0.117054,0.011090,0.031180,0.021491,0.023761,0.093953,0.174259,0.186438,0.168116,0.043255,0.165931,0.245664,0.133160
103,0.070915,-0.133029,0.220455,0.175607,-0.116871,2.596716,0.142125,0.521372,0.234343,0.009940,0.032010,-0.166073,-0.056391,0.365278,0.151822,0.116056,-0.124242,-0.109529,-0.021554,-0.094073,0.190675,0.011306,-0.058900,-0.059934,-0.159123,-0.054364,-0.019667,0.034841,-0.083761,-0.009214,-0.005096,0.045535,-0.027514,0.008101,-0.165132,0.010731,0.107060,0.094141,-0.050832,-0.109838,0.100623,-0.037211,-0.058648,0.320404,0.420227,-0.032272,0.597148,-0.008483,0.074621,-0.035209,-0.087323,0.028416,-0.037043,0.029620,-0.034630,-0.111725,-0.117864,-0.051222,0.268475,0.245956,-0.016569,-0.084084,-0.151006,0.364826,-0.127390,-0.112486,0.003991,-0.154357,0.186759,0.243208,-0.052210,-0.087967,-0.054557,-0.102552,-0.044101,-0.062326,-0.120398,-0.076632,-0.077714,-0.154468,-0.096293,-0.081702,-0.137104,-0.160387,0.145736,-0.081813,-0.156793,-0.067159,-0.069835,-0.076340,-0.010202,-0.029181,-0.099987,-0.033427,-0.133955,0.028158,0.014733,-0.045290,0.860338,-0.104942,-0.145744,-0.101972,-0.058736,-0.116969,-0.028483,-0.087961,0.019274,-0.079636,-0.089502,-0.087873,0.030094,0.401079,-0.055047,-0.042149,-0.177855,-0.178480,-0.155722,0.058090,0.064499,0.001038,-0.047570,-0.083174,0.017718,-0.160300,-0.079090,-0.132741,0.310498,0.189867,0.023220,-0.158189,0.088054,0.108700,0.223524,-0.105754,0.070433,-0.071105,-0.103854,-0.150666,-0.095616,-0.124598,-0.063090,-0.086113,-0.096576,0.065938,-0.140790,-0.053729,-0.044589,-0.104063,-0.067271,-0.114162,-0.122826,-0.060046,-0.074405,-0.085682,-0.028909,-0.002881,0.048481,0.074403,0.005968,0.053026,0.077742,0.096379,-0.029079,-0.039042,-0.013164,-0.089139,-0.046820,-0.107043,-0.068354,-0.104495,-0.021895,-0.081843,-0.112734,-0.091462,0.072507,-0.088287,-0.004752,-0.106453,-0.132844,-0.176251,-0.140883,-0.172143,-0.085283,-0.150227,0.029390,-0.107753,-0.201453,1.058285,-0.179103,-0.009317,-0.069064,-0.034480,-0.065354,-0.144217,-0.081667,-0.031668,-0.193835,-0.136965,-0.024045,0.006056,-0.001917,-0.012242,-0.008216,-0.025679,-0.104039,-0.065625,-0.207653,-0.023653,1.145745,-0.010689,-0.025494,-0.169241,-0.129329,-0.107521,-0.167058,-0.085072,0.030689,-0.057113,-0.079646,-0.057748
104,0.028264,-0.140502,0.303727,0.114227,-0.017378,0.142125,2.483103,0.088948,0.201708,0.045536,0.079958,-0.094822,-0.057302,0.258878,0.120888,0.071568,-0.097715,-0.008790,0.117932,-0.019653,0.027626,0.028056,-0.042643,-0.086487,-0.083422,0.020192,-0.082194,0.011685,-0.016715,0.039751,0.030959,0.024562,-0.008078,-0.024395,-0.095191,0.010851,0.080567,0.030817,-0.050573,0.011304,0.085384,0.030429,-0.078164,0.226071,0.035506,-0.081805,0.170744,0.121592,0.122321,-0.049823,-0.069240,0.002112,-0.025202,0.132588,-0.024756,-0.054517,-0.145538,0.034525,0.286844,0.270645,-0.004174,-0.137843,-0.130444,-0.005936,-0.129801,-0.068972,-0.046901,-0.076132,0.105000,0.032816,0.012275,-0.050974,-0.006271,-0.093830,-0.023138,-0.035591,-0.039063,0.006823,-0.061479,-0.027837,-0.109818,-0.107675,-0.047781,-0.007099,0.129681,-0.088826,-0.149570,0.001448,-0.021819,-0.002978,0.039682,0.034142,-0.040631,-0.072037,-0.048214,0.067533,-0.011252,0.002123,0.019123,-0.053002,-0.139544,0.063631,-0.028229,-0.028103,-0.005257,-0.083702,0.033994,-0.003324,-0.048422,-0.088001,0.023158,0.193489,-0.038571,0.038467,-0.101948,-0.096744,-0.067519,0.146421,0.093156,0.014851,0.015362,-0.020987,0.077080,-0.130699,-0.049359,-0.076039,0.263779,0.190362,-0.035220,-0.141143,0.154560,0.165055,0.249845,-0.053655,-0.018955,-0.040668,-0.056446,-0.095345,-0.071181,-0.105583,-0.048253,-0.104605,-0.107008,0.020610,-0.107724,-0.052668,-0.028593,-0.057515,-0.069300,-0.105320,-0.108812,-0.149305,-0.108410,0.035196,-0.082498,-0.060289,0.059938,0.061987,-0.044251,0.131910,0.036217,0.091732,-0.008844,0.107771,0.108110,-0.060146,-0.031174,-0.059530,-0.068318,-0.068420,-0.053435,-0.097167,-0.093431,-0.118902,0.051544,-0.094826,-0.000924,-0.113191,-0.095790,-0.075290,-0.168995,-0.123106,-0.073468,-0.101066,0.091677,-0.108051,-0.164395,0.033764,-0.184198,-0.012673,-0.026220,-0.007641,-0.027690,-0.107638,-0.097281,-0.101706,-0.133827,-0.136820,-0.071437,0.040926,0.012283,-0.030691,-0.024226,-0.015736,-0.012569,0.032254,-0.137555,-0.011585,0.169102,-0.048047,0.070934,-0.133295,-0.096655,-0.021472,-0.080847,-0.026650,0.100703,0.020868,-0.002321,-0.002941
105,0.081044,-0.039584,0.061955,0.064578,-0.029096,0.521372,0.088948,2.252611,0.279945,-0.042997,0.102056,-0.080212,-0.019883,0.125181,0.119060,0.083379,-0.053141,-0.066008,-0.034346,0.007651,0.180795,0.014302,-0.019037,-0.049974,-0.061038,-0.016064,-0.036614,-0.039420,-0.010821,-0.004421,-0.054147,0.045382,-0.029228,-0.028620,-0.077083,-0.025962,-0.006478,0.073733,-0.049288,-0.022135,-0.028957,-0.060298,-0.054294,0.180212,0.250386,-0.041554,0.336426,-0.093359,0.032274,-0.011694,-0.090225,-0.017642,-0.048101,0.064214,0.027230,-0.107924,-0.066017,-0.070278,0.028949,0.081285,0.010821,-0.079193,-0.025652,0.247451,-0.048800,-0.045193,-0.000992,-0.070449,0.245174,0.192288,-0.076627,-0.022114,0.005865,-0.020993,-0.040012,-0.030845,-0.125630,-0.001929,-0.038345,-0.062304,-0.085513,-0.017880,-0.085737,-0.068312,0.051059,-0.035076,-0.069552,-0.068622,-0.016106,-0.059854,0.031892,-0.050283,-0.014165,-0.016549,0.017386,-0.026506,-0.048169,-0.002517,0.378072,-0.031257,-0.085648,-0.099453,-0.019815,-0.017100,-0.041022,-0.025557,-0.023331,-0.062697,-0.033476,-0.020553,-0.050311,0.363140,-0.022295,-0.062756,-0.080799,-0.082634,-0.026829,0.060807,0.053151,0.050408,0.011792,-0.110077,-0.063779,-0.073829,-0.064697,-0.058749,0.048569,0.023624,0.031782,-0.064462,-0.057340,-0.007024,-0.009536,-0.041283,0.046142,-0.094841,-0.074786,-0.061923,-0.032495,-0.052736,-0.051124,-0.066860,-0.025887,0.073006,-0.041608,-0.006631,-0.027684,-0.014546,-0.056182,-0.067111,-0.096036,-0.056995,-0.028797,-0.093000,-0.018523,-0.034660,-0.053200,0.031654,0.015406,0.036637,0.022869,0.034373,-0.063244,-0.015568,-0.052737,-0.021765,-0.000706,-0.045901,-0.066851,-0.081240,-0.023518,-0.055043,-0.060513,-0.047842,-0.077340,-0.080433,0.035912,-0.096104,-0.095577,-0.075040,-0.104286,-0.048545,-0.090505,-0.066687,0.000099,-0.035693,-0.059177,0.443768,-0.060695,-0.024742,-0.074577,-0.040075,-0.074882,-0.098706,-0.080200,-0.043724,-0.099853,-0.070313,-0.025751,-0.034449,0.014096,-0.034092,-0.010935,-0.003863,-0.058490,-0.055745,-0.088894,-0.041116,0.529052,-0.051266,-0.019904,-0.079446,-0.039913,-0.074401,-0.075427,-0.063345,-0.016101,-0.025495,-0.000846,-0.045904
106,0.063968,-0.151340,0.106230,0.072052,0.072697,0.234343,0.201708,0.279945,2.830976,0.052780,0.182435,-0.015027,-0.062954,0.358688,0.251054,0.147655,-0.098068,0.012560,0.042113,-0.064075,0.118915,0.118976,-0.052845,-0.085786,0.000570,-0.005289,-0.070479,-0.146959,-0.062243,-0.044286,-0.024422,-0.060070,-0.004619,-0.093420,-0.084572,-0.041056,0.015626,0.076318,-0.113863,-0.045698,0.009506,0.016153,-0.076884,0.230845,0.141254,-0.069756,0.306116,0.066048,0.180390,-0.060248,-0.075479,0.037501,-0.027517,-0.036969,-0.019410,-0.091964,-0.083366,-0.018439,0.162403,0.210568,0.071039,-0.077812,-0.072313,0.083061,-0.087383,-0.058809,-0.061161,-0.028604,0.352605,0.105206,-0.125353,-0.116081,-0.055131,-0.082128,-0.031470,-0.066399,-0.008546,-0.026748,-0.092460,0.014234,-0.145699,-0.098141,-0.029025,-0.035874,0.107125,-0.116915,-0.119274,-0.035341,0.024637,-0.044974,0.058416,-0.034515,-0.035809,-0.023437,0.051041,0.017368,-0.054432,0.037925,0.156758,0.156224,-0.116135,-0.009100,-0.078667,0.073286,-0.077001,-0.050625,-0.001428,0.022209,0.018072,-0.041736,-0.001907,0.424840,-0.072565,-0.003490,-0.142759,0.021091,0.015713,0.153230,0.011976,0.060081,0.028256,-0.090995,0.083495,-0.078063,-0.042901,-0.003729,0.075726,0.111777,-0.022504,-0.045012,0.033306,0.038944,0.159950,-0.052366,0.028997,-0.178341,-0.127974,-0.106825,-0.045618,-0.110646,-0.072785,-0.085256,-0.100956,0.058838,-0.082858,0.013946,-0.057096,-0.101671,-0.120382,-0.085047,-0.067717,-0.094645,-0.073793,-0.020627,-0.024619,-0.075832,-0.027694,0.034603,-0.051772,0.011755,0.051561,0.012896,-0.040891,0.032016,-0.028455,-0.091517,-0.109698,-0.119047,-0.096474,-0.081347,-0.129962,-0.119178,-0.150025,-0.131467,-0.000149,-0.189761,0.053859,-0.115610,-0.104370,-0.077588,-0.091724,-0.125204,-0.062266,-0.168675,-0.035413,-0.095376,-0.120374,0.159034,-0.134585,-0.062019,-0.107697,0.037944,-0.042919,-0.112263,-0.112748,-0.105101,-0.032791,-0.147204,-0.076391,-0.017380,-0.031599,-0.011933,-0.099360,-0.010040,0.024374,0.051431,-0.127626,-0.081783,0.241909,-0.019119,-0.004595,-0.097929,-0.050383,-0.017544,-0.008261,-0.055877,0.025069,0.033441,0.058539,0.047590
107,-0.007143,-0.096000,0.384863,0.198851,-0.020947,0.009940,0.045536,-0.042997,0.052780,2.474792,-0.064882,-0.166416,-0.043454,0.280903,0.114368,0.114266,-0.052877,0.025151,0.168490,-0.021475,-0.058917,0.077795,-0.062670,-0.090846,-0.095188,-0.097305,-0.106731,0.056885,-0.009358,0.060282,0.114723,0.010290,0.080487,0.019737,-0.164193,-0.045493,0.104834,0.030438,0.027070,0.018109,0.352305,0.222688,-0.021665,0.087059,-0.099650,-0.102718,0.032669,0.188287,0.358858,-0.099070,0.148275,0.169074,0.034567,0.187578,-0.006328,0.086304,-0.157987,0.192068,0.448801,0.378031,-0.029638,-0.071449,-0.167492,-0.147645,-0.189155,-0.138523,-0.084192,-0.087442,0.030727,-0.188108,-0.013462,-0.145710,-0.056359,-0.095356,-0.092470,0.028511,-0.021876,-0.047099,-0.051256,0.113366,-0.051388,-0.195834,-0.020896,0.032616,0.102030,-0.098977,-0.194059,0.088634,-0.079877,0.022707,-0.024557,0.112715,-0.160840,-0.025631,-0.220314,0.082982,-0.000859,0.126266,-0.108459,0.063384,-0.167181,0.261656,-0.112793,0.074227,-0.036756,-0.123957,0.120624,-0.024646,-0.076432,-0.111559,0.137886,-0.140311,0.001034,0.032233,-0.224503,-0.122296,-0.144818,0.085589,0.090233,0.077551,-0.056695,0.013568,0.292326,-0.149293,-0.008465,-0.154629,0.429266,0.383401,-0.083761,-0.070610,0.272717,0.266207,0.294730,-0.200621,0.034796,-0.030959,-0.162720,-0.090311,-0.081914,-0.155457,-0.054932,-0.123277,-0.138100,-0.016006,-0.153115,-0.094205,0.014958,-0.089623,-0.048036,-0.083871,-0.075324,-0.119265,-0.076632,0.028815,-0.124231,-0.093729,0.292391,0.105512,0.020972,0.184591,0.115367,0.122174,-0.016243,0.148774,0.249360,-0.128814,-0.006266,-0.059513,-0.035668,-0.082374,-0.037750,-0.124730,-0.135459,-0.068626,0.115879,-0.106563,-0.183120,-0.028576,-0.031885,-0.128312,-0.147173,-0.170905,-0.120318,-0.122327,0.071252,-0.195233,-0.205860,-0.095773,-0.243163,-0.060051,-0.087813,0.023640,-0.105413,-0.076126,-0.083041,-0.074031,-0.111420,-0.186083,-0.062653,0.051869,-0.034218,0.053340,-0.008322,-0.037770,-0.096416,-0.020164,-0.191647,0.014153,0.003827,-0.005117,0.087676,-0.080041,-0.131480,-0.081933,-0.138009,-0.114987,0.015694,-0.052292,0.007912,-0.079350
108,-0.012870,-0.014023,-0.134738,-0.159466,0.132194,0.032010,0.079958,0.102056,0.182435,-0.064882,1.659415,0.076003,-0.029765,0.194251,0.194509,-0.069472,0.051487,0.030973,-0.047629,0.039876,0.121268,0.053253,-0.021604,-0.021636,0.077966,0.027529,-0.008185,-0.069752,-0.029300,0.004563,0.017348,-0.043105,0.023102,-0.032699,0.049752,-0.016526,-0.064309,-0.010456,-0.062913,0.082276,-0.139060,-0.084314,-0.058179,0.023336,0.024232,0.056074,0.013589,-0.021502,-0.038304,-0.002466,-0.094893,-0.103329,-0.040836,-0.085893,-0.004461,-0.082800,-0.012908,-0.069812,-0.161719,-0.100130,0.027099,-0.035674,0.047938,0.021957,0.032138,0.050714,-0.033411,0.112234,0.114150,0.033921,-0.071002,-0.037573,0.001732,-0.001627,0.055377,-0.074853,0.059096,-0.022949,-0.061132,0.069046,-0.060334,-0.040782,0.021908,0.017844,0.010538,-0.045564,0.000401,-0.065174,0.075960,-0.045994,-0.038286,-0.052004,0.041102,-0.048986,0.170818,-0.012157,-0.021015,0.047576,0.098574,-0.010574,-0.020177,0.012105,-0.014971,0.037712,-0.017718,0.035129,-0.021559,0.060085,0.028091,0.015118,-0.068653,0.098173,-0.043262,-0.016474,-0.031028,0.077229,0.138787,0.069321,-0.065136,0.008307,0.051906,-0.039000,-0.113534,0.030234,-0.095586,0.095432,-0.216263,-0.124918,-0.010316,0.104197,-0.037199,-0.075632,-0.097205,0.022483,-0.082138,-0.031138,-0.030069,0.036899,0.000484,-0.020088,-0.057685,-0.031229,-0.045428,-0.008357,0.006085,0.027076,-0.021952,-0.009244,-0.005664,-0.037196,-0.027030,-0.011008,-0.031033,-0.048937,0.041564,-0.058775,-0.066277,-0.085220,-0.033323,-0.024707,-0.024627,-0.122542,-0.022216,-0.067589,-0.122586,-0.021179,-0.085233,-0.046400,-0.069001,-0.018031,-0.043771,-0.034445,-0.013277,-0.115363,-0.128798,-0.083352,0.054864,-0.037597,-0.026028,0.082882,-0.020710,0.037970,-0.012764,-0.064223,-0.135278,-0.015750,0.013203,0.018283,-0.023109,0.003911,-0.021411,0.023128,-0.008121,-0.036656,-0.080626,-0.041527,0.098136,-0.055877,-0.013703,-0.062129,-0.028908,-0.015919,-0.022829,-0.019258,0.039088,0.076260,0.011101,-0.083605,0.114094,-0.031363,0.009321,0.003387,0.040609,0.109078,0.077021,0.040349,-0.059858,0.123462,0.111982,0.059690
109,-0.071779,0.005271,-0.500422,-0.335897,0.125290,-0.166073,-0.094822,-0.080212,-0.015027,-0.166416,0.076003,1.042643,0.010060,-0.198445,-0.023200,-0.201756,0.097516,0.167036,-0.039607,0.032800,-0.038892,0.088703,0.077519,0.064706,0.209807,0.069253,0.070695,-0.086742,0.044487,-0.106570,-0.086694,-0.115915,0.049616,0.015092,0.165643,0.063010,-0.069603,-0.074156,-0.128964,0.069607,-0.263144,-0.184751,-0.053697,-0.172385,-0.051529,0.035838,-0.164123,-0.081669,-0.196861,0.101818,-0.104537,-0.146199,-0.014152,-0.227049,0.017993,-0.039358,0.063738,-0.160181,-0.486145,-0.418151,0.001758,0.048734,0.154530,-0.038352,0.143388,0.161899,0.018118,0.186238,-0.067217,0.011992,-0.016799,0.047292,-0.017484,0.008968,0.051888,-0.050270,0.048576,0.020412,-0.000213,0.096688,0.035448,0.121178,0.139896,0.024098,-0.170852,0.056673,0.159679,-0.046089,0.046386,-0.075590,-0.017102,-0.110569,0.141397,-0.012848,0.261269,-0.147213,-0.059691,0.037336,0.113686,0.099562,0.142900,-0.069915,0.032558,0.089177,0.019529,0.071443,-0.148853,0.109542,0.069299,0.151085,-0.158872,-0.060422,0.003230,-0.017254,0.111600,0.246711,0.256490,-0.038915,-0.191828,-0.081083,0.131230,0.088067,-0.164602,0.158161,-0.008057,0.229996,-0.506753,-0.390938,-0.019341,0.232668,-0.292523,-0.258652,-0.365673,0.161942,-0.066963,0.047096,0.035555,0.197825,0.085383,0.119290,-0.032798,0.078041,0.044143,-0.045999,0.100075,0.019999,0.044652,0.051019,0.011665,0.070403,0.032179,0.101944,-0.059090,-0.009348,0.050002,-0.048788,-0.217562,-0.133153,-0.081955,-0.231196,-0.165611,-0.190471,-0.050711,-0.139023,-0.247893,0.102147,-0.103788,-0.038976,-0.048001,0.032047,-0.029370,0.062242,0.072961,-0.067371,-0.252566,-0.028992,0.077513,0.045459,-0.003645,0.184402,0.076949,0.169680,0.091456,0.019710,-0.250671,0.123212,0.214440,-0.082092,0.176798,-0.015498,0.038771,0.035469,-0.001301,0.041417,-0.034149,-0.015795,0.225138,0.181501,0.048129,-0.109002,-0.023609,-0.060854,-0.019341,0.020452,0.121720,0.068077,0.214501,-0.128716,-0.087344,-0.018527,0.002903,0.322231,0.187587,0.237174,0.168952,0.085972,-0.113519,0.122962,0.164251,0.090423
11,-0.042125,-0.005306,-0.047036,-0.066068,0.047917,-0.056391,-0.057302,-0.019883,-0.062954,-0.043454,-0.029765,0.010060,1.506649,-0.110456,-0.053671,-0.046831,0.002676,-0.013983,-0.033393,0.033885,-0.044843,-0.045976,0.022380,0.035988,-0.006564,-0.021753,0.019993,0.002275,0.003581,0.035221,0.060724,0.051756,0.015987,0.003509,0.030195,-0.009670,-0.066577,-0.055372,0.017821,-0.048482,-0.074995,-0.017369,-0.030271,-0.079287,-0.024867,0.098528,-0.057896,-0.104168,-0.161030,0.027122,-0.045264,-0.041557,-0.064334,-0.047278,0.044309,-0.014262,0.039247,-0.062167,-0.094678,-0.139509,-0.000779,-0.004495,0.032455,-0.015723,0.020383,0.051503,-0.001293,0.003753,-0.111675,0.033355,0.028015,0.023013,0.042612,0.059893,0.013194,-0.000105,-0.065121,-0.020969,-0.021085,-0.074171,0.052299,0.017281,-0.041933,-0.021302,-0.105470,-0.017058,0.045136,-0.055039,-0.021378,-0.018543,0.027100,-0.040111,0.000002,0.019824,0.032289,-0.008151,0.044910,0.014913,-0.033215,-0.045585,0.020364,-0.074586,-0.002596,-0.029787,0.150849,0.000353,0.033663,-0.036550,0.001369,-0.036106,-0.040313,-0.066000,-0.011156,-0.034106,-0.030913,0.045340,-0.000530,-0.034415,-0.006649,-0.060597,-0.057177,-0.017988,-0.033133,0.057356,-0.004212,-0.010098,-0.118958,-0.118980,-0.034653,0.034338,-0.049590,-0.014142,-0.074609,0.038780,-0.051390,-0.021729,0.038128,0.018662,0.035203,0.049238,0.002841,0.050554,0.016556,-0.025659,0.029240,-0.006833,-0.036566,-0.011560,0.018267,0.025060,0.043269,0.062587,-0.038768,-0.087050,0.020867,-0.024065,-0.040969,-0.000050,0.045668,0.000111,0.011763,-0.036548,0.008858,-0.026441,-0.072105,0.005926,-0.001917,0.038906,-0.022998,0.044637,0.016544,0.054848,0.035388,-0.000331,-0.063847,0.032977,0.022094,0.044926,-0.007191,0.026582,0.022502,-0.000289,-0.000785,0.021331,-0.012460,0.051849,0.041276,-0.001341,0.043816,0.029905,0.047745,0.044380,0.029604,0.044736,-0.009485,0.029509,-0.008259,0.024405,0.000126,0.012033,0.049135,-0.027863,-0.006224,0.067551,0.001279,-0.011242,0.004772,0.032018,-0.079303,0.015161,0.035786,0.020238,0.063739,-0.031270,-0.047042,0.046730,-0.002471,0.000539,-0.021380,-0.030760
110,0.074165,-0.146095,0.591830,0.369125,-0.020063,0.365278,0.258878,0.125181,0.358688,0.280903,0.194251,-0.198445,-0.110456,3.268216,0.955862,0.251231,-0.136034,-0.070913,0.169134,-0.097625,0.360806,0.132946,-0.192334,-0.177230,-0.204260,-0.045246,-0.115187,0.000168,-0.057145,0.012307,0.029160,0.011440,0.040674,-0.080519,-0.224468,-0.038680,0.130373,0.089412,-0.083445,-0.120651,0.155573,0.170104,-0.072842,0.387689,0.118594,-0.163060,0.350570,0.274642,0.466447,-0.090394,-0.021342,0.154871,-0.047819,0.189046,-0.130308,-0.115033,-0.213048,0.169416,0.547673,0.558369,-0.002159,-0.178819,-0.254017,0.021138,-0.269450,-0.178463,-0.081654,-0.119148,0.467423,-0.063892,-0.113377,-0.222684,-0.105283,-0.114203,-0.075385,-0.091805,0.012718,-0.080209,-0.098001,0.039641,-0.195667,-0.255510,-0.096351,-0.072102,0.327992,-0.125327,-0.304098,0.065020,-0.040791,0.037810,-0.077933,0.062102,-0.177198,-0.095506,-0.233717,0.082667,-0.042096,-0.003414,0.123926,-0.023392,-0.239441,0.284688,-0.145095,0.086235,-0.102355,-0.151966,0.037970,-0.040794,-0.069205,-0.135648,0.090538,0.343199,-0.072519,0.049700,-0.246459,-0.167642,-0.183235,0.196375,0.098901,0.083793,0.007157,-0.044442,0.106964,-0.313577,-0.116609,-0.149278,0.513218,0.463865,-0.053845,-0.151975,0.314022,0.263799,0.505382,-0.240106,0.040368,-0.178362,-0.198078,-0.181228,-0.137967,-0.238948,-0.043760,-0.163301,-0.149987,0.049260,-0.189951,-0.045920,-0.060664,-0.181583,-0.143769,-0.177516,-0.104522,-0.195433,-0.021773,0.082146,-0.191936,-0.042771,0.151404,0.073571,-0.083745,0.136484,0.065139,0.160890,-0.047231,0.108148,0.250494,-0.262695,0.013342,-0.141168,-0.172127,-0.153325,-0.078572,-0.226721,-0.212529,-0.051887,0.225721,-0.147603,-0.160555,-0.131859,-0.082719,-0.193910,-0.225603,-0.274870,-0.165080,-0.158290,0.142439,-0.248147,-0.259801,0.205836,-0.346565,-0.113563,-0.116875,-0.050186,-0.055546,-0.142350,-0.066784,-0.087276,-0.099248,-0.232365,-0.086035,-0.013367,-0.105449,0.001013,-0.072403,-0.091575,-0.167262,0.010450,-0.250011,0.041866,0.437616,-0.037790,-0.139807,-0.237643,-0.185271,-0.059257,-0.127115,-0.184074,0.124292,-0.000056,-0.026309,-0.011164
111,0.028331,-0.120571,0.128814,0.085448,0.075349,0.151822,0.120888,0.119060,0.251054,0.114368,0.194509,-0.023200,-0.053671,0.955862,2.283445,0.031955,-0.052987,0.041757,0.074705,-0.018948,0.346638,0.136637,-0.088991,-0.105548,-0.063824,-0.010357,-0.087499,-0.073777,-0.052609,-0.046469,0.011171,-0.045045,0.056177,-0.007096,-0.055114,-0.016446,0.033158,0.040190,-0.085199,0.000413,0.007739,0.050159,-0.016280,0.234684,0.089215,-0.056205,0.167152,0.091580,0.157816,-0.033356,-0.008291,-0.005610,-0.034217,0.064055,-0.059690,-0.057178,-0.103097,0.086899,0.083043,0.146352,-0.000400,-0.103871,-0.068414,0.019901,-0.094631,-0.075221,-0.057732,0.016020,0.344550,0.027727,-0.108347,-0.126501,-0.075699,-0.048598,0.003028,0.022431,0.058402,-0.072328,-0.114077,0.064962,-0.145739,-0.105208,0.028808,-0.038241,0.171892,-0.050270,-0.140844,0.024360,-0.018869,-0.057583,-0.030099,0.029009,-0.056292,-0.068686,-0.044123,0.023534,-0.061838,0.034777,0.192984,0.008947,-0.090409,0.137494,-0.117474,0.164841,-0.070179,-0.051111,0.002448,0.008316,-0.046061,0.016169,0.010611,0.238403,-0.059241,0.073154,-0.144741,0.025000,0.010777,0.076454,0.055930,0.085957,0.076801,-0.011047,-0.030947,-0.170706,-0.126298,-0.044257,0.087967,0.100931,-0.012776,-0.055256,0.091100,0.060560,0.135841,-0.109420,-0.044953,-0.082044,-0.131249,-0.021893,-0.055233,-0.125185,-0.067010,-0.105366,-0.101608,0.031348,-0.099772,-0.013004,-0.056008,-0.109530,-0.097798,-0.092665,-0.062596,-0.071356,-0.061118,0.042980,-0.078378,-0.118444,-0.014928,-0.008359,-0.053257,-0.034414,0.011954,0.052634,-0.000537,0.016391,0.009588,-0.088667,-0.057130,-0.115208,-0.080212,-0.116323,-0.075242,-0.147837,-0.118711,-0.105237,-0.024700,-0.155491,-0.034550,-0.049515,-0.031812,-0.019588,-0.082333,-0.102276,-0.067016,-0.115720,-0.017281,-0.096660,-0.119198,0.136552,-0.176126,-0.114472,-0.130624,-0.036020,-0.097720,-0.122822,-0.099557,-0.057186,0.020303,-0.137458,-0.119333,-0.086940,-0.097648,-0.024872,-0.071196,-0.074159,-0.021840,0.048769,-0.076748,-0.035698,0.243307,-0.014740,-0.111817,-0.104160,-0.083162,0.005691,0.009782,-0.055982,0.038647,0.074599,0.024809,0.004615
112,0.046681,-0.047084,0.547349,0.410224,-0.083131,0.116056,0.071568,0.083379,0.147655,0.114266,-0.069472,-0.201756,-0.046831,0.251231,0.031955,2.630619,-0.154881,-0.074019,0.164432,-0.087468,-0.047193,-0.046771,-0.128471,-0.140499,-0.190931,-0.014055,-0.113254,0.101045,-0.045923,0.097399,0.060406,0.044953,-0.049124,-0.078489,-0.209095,-0.017248,0.159225,0.045814,0.046137,-0.065746,0.244662,0.097121,-0.064266,0.149272,-0.060778,-0.125518,0.112013,0.145922,0.226543,-0.044808,0.025072,0.116203,-0.020747,0.180393,-0.063064,0.002856,-0.211673,0.189566,0.464289,0.468022,0.002987,-0.163035,-0.239307,-0.130546,-0.214982,-0.111732,-0.016154,-0.174036,0.116143,-0.057735,-0.044253,-0.151881,-0.026135,-0.056632,-0.091244,0.057346,-0.041319,0.019983,-0.026995,-0.045735,-0.050891,-0.153665,-0.147293,-0.074050,0.272445,-0.087038,-0.215445,0.062292,-0.017991,0.012698,0.053340,0.154606,-0.086808,0.003147,-0.221582,0.103349,-0.039660,-0.144027,-0.112574,-0.030367,-0.154369,0.118355,-0.018933,-0.004739,-0.108520,-0.140506,0.079769,-0.069105,0.002537,-0.103289,0.130575,0.048424,-0.085954,0.104668,-0.127605,-0.221662,-0.185909,0.156646,0.156219,0.235681,0.050087,-0.017396,0.207851,-0.218348,-0.002080,-0.268372,0.542626,0.381647,-0.059734,-0.248167,0.296334,0.275522,0.569181,-0.238750,0.117373,-0.038744,-0.143655,-0.179258,-0.120838,-0.151506,0.024908,-0.099925,-0.043190,0.004584,-0.100087,-0.114081,-0.085616,-0.097739,-0.046349,-0.118781,-0.047503,-0.149211,-0.003518,0.032508,-0.130025,-0.021861,0.185373,0.208030,-0.002986,0.161824,0.182514,0.229076,0.022403,0.122211,0.306974,-0.160221,0.058322,-0.027680,-0.108251,-0.122040,-0.077728,-0.181354,-0.125687,0.048702,0.180429,-0.017447,-0.167664,-0.095199,-0.100087,-0.161154,-0.177117,-0.244978,-0.119741,-0.104435,0.159959,-0.204716,-0.237880,-0.029032,-0.232011,-0.064610,-0.074673,-0.024537,-0.046840,-0.059487,-0.019423,-0.063502,-0.201589,-0.144462,-0.025217,0.037790,-0.002593,-0.022939,0.015523,-0.075900,-0.109433,-0.020450,-0.158993,0.209456,0.098128,0.013956,-0.070534,-0.175317,-0.200960,-0.156170,-0.172504,-0.108701,0.148545,-0.069472,-0.148606,-0.020319
113,-0.057789,-0.001384,-0.247253,-0.205841,-0.009152,-0.124242,-0.097715,-0.053141,-0.098068,-0.052877,0.051487,0.097516,0.002676,-0.136034,-0.052987,-0.154881,1.236128,0.025739,-0.109276,0.074885,0.028705,-0.008852,0.053732,0.041644,0.124856,-0.040559,0.086818,-0.023989,0.028952,0.025336,0.029279,0.023064,-0.033984,0.022357,0.037062,0.039836,-0.098736,-0.052869,0.000394,0.032444,-0.070191,0.011869,0.046039,-0.085474,-0.052664,0.082393,-0.106236,-0.083724,-0.111975,0.019817,0.154563,-0.002644,0.053894,0.013359,0.097945,0.065725,0.038975,0.001754,-0.257694,-0.222519,0.002631,0.156575,0.100570,-0.012215,0.084618,0.069463,-0.002717,0.071627,-0.057609,-0.017597,0.016672,0.061668,0.061362,0.043355,-0.016631,-0.020296,0.004424,0.009805,0.012595,0.015682,0.044097,0.053914,0.019802,-0.000314,-0.043250,0.027631,0.063270,-0.091193,-0.000272,-0.072138,-0.046502,-0.025250,0.020260,-0.002046,0.042171,-0.120361,0.000590,-0.005078,-0.026623,0.003436,0.064596,-0.048922,0.054528,-0.022778,0.050325,0.040057,-0.043624,0.022856,0.046904,0.036996,-0.108903,-0.085773,-0.013230,-0.023871,0.047901,0.056676,0.078458,-0.081653,-0.115432,-0.063646,0.016885,0.007924,-0.083314,0.103459,-0.011944,0.082905,-0.282173,-0.196552,0.031516,0.072856,-0.084269,-0.128159,-0.250310,0.059100,-0.006614,0.014857,0.035456,0.086446,0.036107,0.079195,0.026646,0.055736,-0.007104,-0.032831,0.027288,0.033788,0.011875,0.043852,0.070258,0.046005,0.052179,0.054093,-0.009676,-0.016234,0.048017,-0.000833,-0.089248,-0.042172,-0.008039,-0.064758,-0.053829,-0.096068,-0.024523,-0.085775,-0.109795,0.060372,-0.045654,0.024160,0.031489,0.040581,0.032257,0.036402,0.036831,-0.009786,-0.118561,0.000244,0.082868,0.071165,0.000747,0.041224,0.081904,0.119180,0.017592,0.020689,-0.092306,0.079613,0.122718,-0.085459,0.122967,-0.027233,-0.001324,-0.021144,-0.019109,-0.001233,-0.032977,0.021667,0.024935,0.098513,-0.035053,-0.066465,-0.062652,0.039673,-0.021758,-0.033585,-0.006065,-0.025279,0.074950,-0.044468,-0.164355,-0.052134,-0.069869,0.079982,0.048753,0.026143,0.019678,0.022979,-0.118255,-0.026877,-0.005753,-0.019228
114,-0.066019,-0.038067,-0.238439,-0.222713,0.114183,-0.109529,-0.008790,-0.066008,0.012560,0.025151,0.030973,0.167036,-0.013983,-0.070913,0.041757,-0.074019,0.025739,1.493634,0.093871,0.009080,-0.021149,0.206895,0.121195,0.010141,0.134179,0.002772,-0.014147,-0.009733,0.044185,-0.066967,-0.041795,-0.057076,0.029129,0.012922,0.050275,-0.009131,-0.053247,-0.081591,-0.075395,0.115814,-0.015646,-0.056051,-0.062365,-0.125794,-0.048961,-0.014712,-0.082469,0.022412,-0.006663,0.006127,-0.038182,-0.095572,0.074112,-0.083343,0.001069,0.012460,0.021719,-0.058121,-0.259931,-0.210883,0.013064,-0.024144,0.019820,-0.026891,0.035431,0.058370,-0.079977,0.179098,-0.096200,-0.028668,-0.000761,-0.029018,-0.041365,-0.008144,0.082658,-0.018488,0.052097,-0.009246,-0.069083,0.096277,-0.034197,0.012004,0.132707,0.049817,-0.123235,0.015556,0.038019,0.000943,-0.011765,-0.036184,0.008914,-0.028872,0.057415,-0.023334,0.129102,-0.107856,-0.063172,0.072258,0.021528,0.093179,0.023255,0.045936,0.016170,0.046727,-0.000633,0.045155,-0.086980,0.065427,0.046100,0.058307,-0.118411,-0.048030,0.026502,0.034687,0.051966,0.158596,0.176938,0.006542,-0.065038,-0.059751,0.041135,0.102083,-0.032219,0.040679,-0.014458,0.194217,-0.257446,-0.142271,-0.024068,0.110657,-0.117212,-0.066857,-0.165876,0.027834,-0.103591,0.038171,-0.019857,0.112337,0.030654,-0.012961,-0.006822,0.009819,-0.074182,-0.038041,0.014214,0.000856,0.063320,-0.061182,-0.004499,0.016492,0.018675,-0.000802,-0.078922,-0.050038,0.023322,-0.088144,-0.148852,-0.078919,-0.051322,-0.087266,-0.092427,-0.125120,-0.034991,-0.084544,-0.078395,0.041787,-0.115511,-0.037697,-0.024840,-0.021637,-0.065103,0.046521,-0.027993,-0.087795,-0.166316,-0.051857,0.008077,-0.003885,-0.027726,0.088423,0.005571,0.060127,0.044557,-0.031402,-0.140683,0.012781,0.063398,-0.084549,0.036709,-0.019918,-0.015157,0.013993,-0.052078,-0.020972,-0.077248,-0.029657,0.141592,-0.006035,-0.012894,-0.050880,-0.017766,-0.031626,0.017039,-0.016021,0.071036,0.061919,0.087331,-0.085484,-0.013017,-0.022243,0.045063,0.060254,0.036300,0.283769,0.107640,0.012722,-0.033836,0.128108,0.100087,0.000742
