<!DOCTYPE html><html lang='en'><head><meta charset='UTF-8'>
<title>BioCenicana - PCA Population Structure</title>
<script src='https://cdn.plot.ly/plotly-2.24.1.min.js'></script>
<link href='https://fonts.googleapis.com/css2?family=Inter:wght@400;600&display=swap' rel='stylesheet'>
<style>
  body { font-family: 'Inter', sans-serif; background-color: #f8fafc; color: #1e293b; margin: 0; padding: 20px; }
  .container { max-width: 1200px; margin: 0 auto; }
  .header { display: flex; align-items: center; justify-content: space-between; margin-bottom: 30px; border-bottom: 2px solid #e2e8f0; padding-bottom: 10px; }
  .header h1 { margin: 0; color: #0f172a; font-size: 24px; }
  .card { background: white; border-radius: 12px; box-shadow: 0 4px 6px -1px rgb(0 0 0 / 0.1); padding: 20px; margin-bottom: 20px; }
  .grid { display: grid; grid-template-columns: 1fr 1fr; gap: 20px; }
  .full { grid-column: span 2; }
  h3 { margin-top: 0; color: #334155; border-left: 4px solid #6366f1; padding-left: 10px; }
  .stat { font-size: 14px; color: #64748b; }
</style></head><body>
<div class='container'>
<div class='header'>
  <h1>BioCenicana | PCA Population Structure</h1>
  <div style='display:flex; align-items:center; gap:20px;'>
    <div class='stat'>Visual Mode: 
      <select id='colorMode' onchange='updateColoring()' style='padding:5px; border-radius:5px; border:1px solid #cbd5e1;'>
        <option value='kmeans'>PCA: K-Means</option>
        <option value='dbscan'>PCA: DBSCAN</option>
        <option value='gmm'>PCA: GMM</option>
        <option value='dapc'>DAPC Analysis</option>
      </select>
    </div>
    <div class='stat'>Samples: 220 | <b>Global Fst: 0.0076</b></div>
  </div>
</div>
<div class='grid'>
<div class='card full'><h3>Ancestry Analysis (Admixture Proportions)</h3><div id='ancestry' style='height: 400px;'></div></div>
<div class='card full'><h3>Cluster Visualization (PCA / DAPC)</h3><div id='pc12' style='height: 500px;'></div></div>
<div class='card full'><h3>Genomic Relationship Matrix (Kinship - VanRaden)</h3><div id='kinship' style='height: 600px;'></div></div>
<div class='card'><h3>Explained Variance (Scree Plot)</h3><div id='scree' style='height: 400px;'></div></div>
<div class='card'><h3>Elbow Method (Optimal K)</h3><div id='elbow' style='height: 400px;'></div></div>
<div class='card full'><h3>Kinship Analysis (Dendrogram)</h3><div id='dendrogram' style='height: 600px;'></div></div>
<div class='card full'><h3>Genetic Distance Matrix (Heatmap)</h3><div id='heatmap' style='height: 600px;'></div></div>
<div class='card full'><h3>3D Analysis (PC1, PC2, PC3)</h3><div id='pc3d' style='height: 700px;'></div></div>
</div></div>
<script>
const cfg = { responsive: true, displaylogo: false };
const colors = ['#E6194B', '#3CB44B', '#FFE119', '#4363D8', '#F58231', '#911EB4', '#46F0F0', '#F032E6', '#BCf60C', '#FABEBE'];
const data_labels = ['1','10','100','101','102','103','104','105','106','107','108','109','11','110','111','112','113','114','115','116','117','118','119','12','120','121','122','123','124','125','126','127','128','129','13','130','131','132','133','134','135','136','137','138','139','14','140','141','142','143','144','145','146','147','148','149','15','150','151','152','153','154','155','156','157','158','159','16','160','161','162','163','164','165','166','167','168','169','17','170','171','172','173','174','175','176','177','178','179','18','180','181','182','183','184','185','186','187','188','189','19','190','191','192','193','194','195','196','197','198','199','2','20','200','201','202','203','204','205','206','207','208','209','21','210','211','212','214','215','216','217','218','219','22','220','221','23','24','25','26','27','28','29','3','30','31','32','33','34','35','36','37','38','39','4','40','41','42','43','44','45','46','47','48','49','5','50','51','52','53','54','55','56','57','58','59','6','60','61','62','63','64','65','66','67','68','69','7','70','71','72','73','74','75','76','77','78','79','8','80','81','82','83','84','85','86','87','88','89','9','90','91','92','93','94','95','96','97','98','99'];
const data_pc1 = [16.051221,-23.238512,143.449986,84.066917,-24.406934,33.008886,30.811273,10.733174,23.220830,48.363408,-12.184219,-44.804143,-12.082645,71.540831,23.766659,58.399217,-22.145749,-21.615183,31.385140,-13.059330,-1.999134,7.743898,-23.655522,-23.653717,-35.769416,-13.400437,-24.029361,21.208438,-5.635254,19.660488,20.105838,11.182469,4.551203,-5.964381,-39.377196,-4.653708,39.280328,22.386758,6.549075,-14.890252,69.886395,48.122551,-4.388279,47.675206,7.851095,-22.030784,39.560561,42.424646,80.165645,-12.806168,17.362713,45.395198,7.893424,54.934987,-9.966742,3.409565,-35.139551,50.873893,165.628908,147.210320,-0.513264,-20.784862,-41.206511,-10.430013,-44.449074,-33.281086,-10.691016,-40.135368,34.181663,-18.058843,0.808562,-22.096161,-7.836666,-16.529527,-20.032670,9.228514,-10.076023,-9.705808,-12.816603,-15.231158,-20.193876,-37.738814,-26.131673,-4.193363,69.236666,-16.409646,-45.113652,11.115677,-11.393064,5.361486,-0.973006,25.342128,-33.760675,-5.639219,-49.543740,24.135273,2.611877,-9.196880,-12.508856,-6.561767,-41.706892,34.130003,-17.775036,-3.931792,-9.655273,-27.237140,25.039956,-15.709207,-13.071507,-29.558002,28.665515,12.416941,-6.167766,6.398497,-43.890619,-49.627237,-47.058153,22.052863,31.026342,20.083668,-10.322476,-9.095192,43.761769,-42.026288,-4.651023,-44.571452,178.652300,131.468657,-0.706808,-50.687323,76.360185,76.875595,120.581864,-40.814546,14.522910,-15.137293,-29.217411,-39.616833,-23.277772,-38.219642,-6.112555,-28.782680,-24.284991,9.518517,-30.137596,-16.614625,-8.253621,-23.246434,-14.144127,-27.667720,-21.241185,-30.313892,-1.077004,5.358551,-28.348177,-3.299568,51.907800,27.003808,1.310655,50.243596,34.988924,45.308663,4.721870,29.678377,73.867031,-29.603024,7.297769,-8.100630,-10.943300,-21.706471,-4.207403,-35.903392,-32.404276,-3.716761,59.573123,-16.844331,-29.338344,-17.129031,-13.049930,-42.722057,-32.238458,-47.561273,-32.317160,-28.599126,42.169544,-43.170553,-50.816630,9.269294,-54.760136,-12.026907,-19.814803,-11.292911,-19.458395,-22.661897,-9.886076,-13.351016,-53.278084,-36.482441,-14.547307,18.519093,-2.692963,4.231345,-3.639878,-15.144651,-32.353068,-9.064226,-49.763856,20.789436,22.510726,1.181796,-8.146959,-32.299810,-38.486318,-30.334162,-45.155295,-26.764112,23.392254,-22.819617,-24.891789,-11.887035];
const data_pc2 = [64.245231,-17.333505,-9.569508,4.488863,14.218443,108.540434,23.185569,71.851651,61.510212,-19.364176,23.652611,-0.516182,-5.377016,62.951056,47.469722,-0.754866,-12.393216,-2.876005,-10.858403,-9.544204,36.104296,5.668365,-4.978844,-6.648579,-5.215878,8.634175,1.824396,-14.350883,-6.791431,-16.843633,-18.403346,-2.826764,-1.169062,-1.037036,-6.089964,2.585592,0.315666,67.831057,-19.524429,-11.251589,-22.314278,-25.678645,-19.739762,43.558205,100.031380,4.053099,116.539581,-9.314322,-0.946779,1.260625,-30.699757,-19.060870,-11.783510,-22.759515,-2.538718,-22.218481,-7.623084,-28.573095,-23.703353,-8.896144,8.519905,-8.187133,-1.960798,90.085603,-3.956053,2.445944,4.020315,0.743039,50.227983,52.305525,-18.985693,-9.820656,-5.369219,-6.445262,12.895620,-17.126699,-7.385489,0.026299,-10.957558,-8.436656,-17.969330,-3.350616,-8.853596,-20.554079,9.278033,-5.036753,-6.548523,-14.346966,7.494337,-11.262808,1.178785,-23.420516,5.736924,-6.904258,18.008060,-11.730933,-8.482379,8.653484,96.505527,-9.396378,-6.338962,-23.627835,-3.195333,1.136896,-1.533681,-8.049310,-2.508730,4.658568,4.627545,9.736290,-20.516586,161.920884,-10.345450,-3.362028,-8.038876,4.853900,5.061178,16.317184,2.425476,-3.418481,4.045171,-13.897532,-26.853819,-9.025236,-10.386459,1.138081,-31.967207,-16.721010,4.997890,8.267555,-21.066292,-19.792774,-9.431552,-1.348074,2.219498,-21.359802,-13.604530,-6.974654,-7.285903,-3.884962,-7.073652,-3.150918,-1.721190,59.199957,-7.438276,-5.957112,-11.373618,-11.791151,-14.708784,-16.110815,-17.601904,-2.779496,-21.038105,-22.135591,3.731547,-13.508478,-29.114088,-2.342469,-9.978233,-20.712038,-4.517987,-8.550360,-8.416588,-13.690499,-28.173501,-5.718892,-11.380984,-22.815668,-18.547469,-19.676025,-16.767214,-13.513151,-8.373437,-20.103646,-24.602438,-18.201859,10.803791,-18.696445,-19.344261,-10.336855,-17.304676,-10.459690,-8.015287,-16.401846,-19.350551,-1.401840,-8.534001,96.685494,-9.821234,-10.530079,-14.892342,-7.363183,-7.198136,-20.633099,-21.203346,-17.347507,5.323012,-16.280996,-3.313211,-13.527740,0.825124,-13.441509,-12.568742,-4.938089,-2.499700,11.019111,-7.739869,-12.112647,117.363762,-2.050310,-2.342440,-9.942455,1.491054,1.805424,-0.643745,1.073767,1.329436,12.361406,10.459140,8.889980];
const data_pc3 = [-185.745075,-6.880220,-3.666234,-5.774025,9.605902,40.623030,7.458061,17.759212,11.250289,4.527033,8.604418,5.124791,1.417492,17.663238,13.839443,-3.071884,0.173474,10.300577,9.517589,4.218336,7.449712,16.897337,2.978356,-0.218356,6.264742,4.611186,5.377845,2.856057,5.245502,5.935669,3.077285,-2.587971,4.316601,2.884292,-0.107349,0.701670,2.339502,-196.529934,4.684852,12.824117,1.458640,-2.998778,-6.400596,3.036074,34.840568,2.248327,42.176390,8.991399,13.220454,0.720577,-1.915763,-3.755322,0.333889,7.384940,5.075767,1.395431,-3.167842,4.616502,15.261247,13.629394,0.644496,-0.138892,0.006350,31.810793,-2.789333,2.177585,1.447559,5.923578,0.297277,14.250778,0.796298,4.641553,0.879849,-0.636123,11.777479,-0.329106,0.386904,-0.239391,-5.633925,6.479782,-4.046081,-1.952282,2.038797,-2.180949,-4.150847,-5.506789,-1.656863,2.233555,3.209304,-4.652887,-1.314956,-7.381322,3.172168,-2.623597,9.351563,-5.015618,-0.398888,13.351965,40.318511,7.974807,0.178544,9.223247,-1.800872,9.814357,1.892889,-1.463644,-0.385763,5.640800,1.841382,4.500931,-4.413041,-10.664050,1.301907,1.051729,-5.187656,6.626389,5.574909,10.515679,0.320733,-0.850159,4.601189,31.127841,6.510330,-2.099073,4.791113,9.557098,12.327843,5.886770,3.584527,6.595546,-8.485882,4.882289,-1.920346,1.478566,2.701354,17.231890,-4.840972,3.578580,1.769494,-2.062010,-0.907514,-3.239225,-3.771340,-164.953182,1.016710,-3.480552,3.947576,-3.046230,-1.680948,-3.201172,-5.144386,2.263399,-7.041598,-1.635883,0.783963,-4.306260,-7.257332,-1.515072,-3.298709,1.042311,-5.357266,-4.545232,-0.174820,-7.029242,-10.700456,3.200785,-5.874055,-9.016234,-7.370240,-4.765004,-3.837387,-4.148443,-3.586155,-10.655442,-7.476865,-7.165323,1.978287,-2.262011,-5.625924,-2.039057,-2.820867,-2.312257,-3.868502,-6.840022,-7.362159,-4.820286,-1.525275,35.299173,-4.339813,-4.612517,-4.866518,-1.235404,-6.591171,-4.329973,-6.645994,-3.846585,2.561440,-1.316971,2.647295,-1.485545,-0.747813,-0.579169,-0.694708,0.627305,2.155741,5.593775,-0.310591,-3.243131,49.796433,4.051886,5.292359,-0.960152,2.527971,11.144129,0.549841,0.305787,-2.484840,10.196529,13.622486,7.788218];
const data_ld1 = [92.911597,-20.888157,19.548371,14.350393,-4.187993,114.942992,26.060157,71.674121,60.718127,-2.238133,17.865933,-15.753183,-10.629728,89.209785,57.663214,10.018875,-14.121155,-12.050033,-3.323075,-10.312537,37.997237,3.808722,-12.445633,-13.371763,-16.683545,-3.274326,-5.498192,-5.961735,-8.588693,-5.523732,-6.331069,0.398802,-0.731094,-5.054177,-18.099340,-2.238655,8.202338,99.534989,-12.718035,-13.572852,1.228155,-3.169919,-10.175218,58.978240,91.356235,-8.381367,116.582967,1.436389,17.176089,-6.032550,-12.196663,1.800521,-8.301410,6.269903,-6.617735,-18.217502,-14.755461,-6.895178,17.979118,27.536122,4.560554,-12.000706,-13.670054,77.749454,-16.062822,-11.040937,-2.945946,-11.186703,61.516134,40.375157,-15.516648,-14.988467,-7.054120,-12.811588,1.773144,-12.955054,-8.635831,-5.500067,-13.041524,-14.764865,-21.562180,-13.797633,-13.337394,-17.540506,27.262355,-8.060139,-19.850373,-8.482470,-1.154584,-7.301850,-1.452244,-7.479936,-8.547507,-8.697822,-3.316165,-2.049694,-8.195605,2.384168,87.526794,-10.862869,-18.706766,-6.819829,-10.223487,-1.419134,-6.923816,-14.067655,2.455968,-5.353746,-4.880915,-4.767844,-8.756584,136.500261,-10.990292,-2.455674,-20.196758,-12.308260,-12.806493,9.410875,4.044073,0.199265,-3.080491,-18.512964,-12.429062,-20.298691,-12.758885,-12.578465,11.175570,17.164054,4.311355,-11.922599,9.027296,1.232935,17.534894,-13.691708,4.170089,-24.117219,-18.446363,-17.958011,-12.191242,-16.426059,-11.162231,-12.650622,-12.238035,83.163557,-17.169247,-5.883051,-12.123421,-16.308901,-15.864397,-18.543569,-16.138079,-12.895915,-13.647629,-11.811584,-7.205847,-9.766577,-0.482200,2.870326,-7.006279,-5.608210,5.746663,7.016194,-5.954627,-4.017640,-1.662993,-15.244243,-8.244597,-17.635823,-15.352504,-19.186302,-11.063757,-20.883252,-15.652102,-16.707293,1.773921,-20.310516,3.037812,-19.064131,-16.460677,-20.925295,-20.461819,-20.519987,-15.359065,-21.250793,-3.768640,-14.010943,-20.752238,96.642919,-24.498028,-11.761389,-18.741242,-12.161499,-12.168798,-21.622459,-17.453258,-15.489149,-14.609462,-23.884299,-9.792640,-5.422233,-6.653973,-6.535006,-11.105563,-9.686229,-13.572269,-1.775189,-22.634883,-7.762999,117.629221,-5.927892,-11.112857,-18.396423,-11.613391,-11.355135,-14.914120,-13.588663,1.317825,-3.117360,-4.530412,-4.647213];
const data_ld2 = [-8.782536,-17.985433,146.108617,85.749326,-25.003532,-4.299865,24.563467,-12.049671,6.213160,53.513542,-17.407968,-42.690968,-9.729890,54.148116,11.792500,59.193523,-17.667494,-19.087916,34.560892,-9.338005,-11.314708,6.978296,-21.490373,-21.017103,-32.840762,-13.052173,-24.299415,23.978502,-3.400577,23.298301,24.338097,12.626380,5.827713,-5.025178,-36.503203,-3.433913,40.035953,-4.299008,11.300265,-11.611257,74.148280,53.722165,0.024172,34.204933,-16.894318,-20.882676,10.295780,45.209864,78.973471,-11.230245,24.438821,49.309865,11.337403,57.788464,-9.222871,9.408839,-32.266837,57.729662,155.774995,139.979047,-2.081438,-18.245156,-39.555209,-32.430903,-42.230301,-32.275899,-11.481543,-38.750793,21.934579,-32.811784,4.924955,-20.646147,-6.029035,-13.392685,-22.159153,14.391526,-6.712872,-7.990460,-9.730119,-11.350765,-14.283172,-36.171654,-22.689626,2.651938,66.006805,-14.135842,-41.431271,13.998001,-11.867094,9.122147,0.512075,30.776412,-33.168081,-1.904622,-52.602403,26.026168,5.494902,-12.193449,-43.380042,-2.914193,-38.123581,41.122518,-15.128145,-2.936731,-7.506347,-24.057191,27.001718,-14.501164,-12.393197,-29.337686,33.954740,-34.134502,-3.011223,8.940612,-40.516055,-49.031939,-46.064874,20.943288,31.443531,21.263459,-10.096871,-6.624186,49.351006,-38.237748,-2.171302,-44.080531,163.151150,123.942384,-3.578702,-50.580025,80.828230,79.095072,120.540199,-39.365369,13.210140,-10.853743,-25.162840,-36.135088,-20.777649,-35.547351,-2.748719,-26.520126,-21.584940,-13.021286,-26.441714,-15.186444,-5.099870,-19.152924,-9.437097,-22.780379,-16.770301,-28.262802,4.230329,10.787197,-28.571795,-0.262282,57.687762,27.858439,4.830256,54.637647,36.174232,45.189248,6.206958,35.308782,81.142385,-27.706624,10.857036,-2.369643,-6.338988,-16.347532,-1.293088,-31.748211,-29.652038,1.987398,62.483495,-11.728235,-31.517804,-11.101416,-7.223147,-38.828130,-27.874715,-43.663713,-29.330800,-23.205700,47.000264,-41.528915,-46.830895,-23.484529,-50.900578,-9.318467,-15.555322,-8.522360,-17.243590,-17.336996,-5.152033,-8.667488,-52.087731,-31.755711,-13.446145,21.278957,-1.251044,6.742277,-0.342416,-13.930036,-30.469270,-8.586876,-45.905980,25.040084,-16.777870,2.183569,-6.955102,-28.798775,-37.823623,-29.249874,-43.816706,-24.754367,25.118670,-23.442117,-25.866931,-10.975095];
const data_kmeans = [2,0,1,1,0,2,1,2,2,1,0,0,0,2,2,1,0,0,1,0,0,0,0,0,0,0,0,1,0,1,1,0,0,0,0,0,1,2,0,0,1,1,0,2,2,0,2,1,1,0,1,1,0,1,0,0,0,1,1,1,0,0,0,2,0,0,0,0,2,0,0,0,0,0,0,0,0,0,0,0,0,0,0,0,1,0,0,0,0,0,0,1,0,0,0,1,0,0,2,0,0,1,0,0,0,0,1,0,0,0,1,2,0,0,0,0,0,1,1,1,0,0,1,0,0,0,1,1,0,0,1,1,1,0,0,0,0,0,0,0,0,0,0,2,0,0,0,0,0,0,0,0,0,0,0,0,1,1,0,1,1,1,0,1,1,0,0,0,0,0,0,0,0,0,1,0,0,0,0,0,0,0,0,0,1,0,0,2,0,0,0,0,0,0,0,0,0,0,0,1,0,0,0,0,0,0,0,1,2,0,0,0,0,0,0,0,1,0,0,0];
const data_dbscan = [0,1,-1,-1,1,-1,-1,-1,-1,-1,-1,1,1,-1,-1,-1,1,1,-1,1,-1,-1,1,1,1,1,1,1,1,1,1,1,1,1,1,1,1,0,1,1,-1,-1,1,-1,-1,1,-1,-1,-1,1,-1,-1,1,-1,1,1,1,-1,-1,-1,1,1,1,-1,1,1,1,1,-1,-1,1,1,1,1,1,1,1,1,1,-1,1,1,1,1,-1,1,1,1,1,1,1,-1,1,1,1,-1,1,-1,-1,1,1,-1,1,-1,1,1,-1,1,1,1,-1,-1,1,-1,1,1,1,-1,-1,-1,-1,-1,-1,1,1,1,-1,-1,1,1,-1,-1,-1,1,1,-1,1,1,1,1,1,1,1,0,1,1,1,1,1,1,1,1,1,1,1,1,-1,1,1,-1,1,-1,1,1,-1,1,1,1,1,1,1,1,1,1,-1,1,1,1,1,1,1,1,1,1,-1,1,1,-1,1,1,1,1,1,1,1,1,1,1,1,1,1,1,1,1,1,1,1,1,-1,1,1,1,1,1,-1,-1,-1,1,1,1];
const data_gmm = [2,0,1,1,1,2,1,2,2,1,1,0,0,2,2,1,0,0,1,0,1,1,0,0,0,0,0,0,0,1,0,0,0,0,0,0,1,2,0,1,1,1,0,1,2,0,2,1,1,0,1,1,0,1,0,0,0,1,1,1,0,0,0,2,0,0,0,0,2,2,0,0,0,0,1,0,0,0,0,0,0,0,0,0,1,0,0,0,0,0,0,1,0,0,1,0,0,1,2,0,0,1,0,0,0,0,0,0,0,0,1,2,0,0,0,0,0,1,1,0,0,1,1,0,0,0,1,1,0,0,1,1,1,0,0,1,0,0,0,0,0,0,0,2,0,0,0,0,0,0,0,0,0,0,0,0,1,0,0,1,1,1,0,1,1,0,0,0,0,0,0,0,0,0,1,0,0,0,0,0,0,0,0,0,1,0,0,2,0,0,0,0,0,0,0,0,0,0,0,0,0,0,0,0,0,0,0,0,2,0,0,0,0,1,0,0,0,1,1,0];
const data_ancestry = [[0.000000,0.000000,1.000000],[0.923741,0.076244,0.000015],[0.000000,1.000000,0.000000],[0.000019,0.999928,0.000054],[0.179734,0.817906,0.002361],[0.000000,0.000000,1.000000],[0.001151,0.964505,0.034344],[0.000000,0.000045,0.999955],[0.000000,0.002819,0.997181],[0.017752,0.982149,0.000099],[0.016700,0.957776,0.025524],[0.898403,0.101592,0.000005],[0.970536,0.029451,0.000013],[0.000000,0.013129,0.986871],[0.000000,0.073160,0.926840],[0.013072,0.986609,0.000319],[0.973640,0.026356,0.000004],[0.644831,0.355016,0.000153],[0.069221,0.930296,0.000483],[0.949572,0.050414,0.000014],[0.000063,0.705317,0.294620],[0.002460,0.987530,0.010010],[0.967829,0.032163,0.000007],[0.978801,0.021194,0.000004],[0.912509,0.087483,0.000007],[0.818195,0.181433,0.000372],[0.914904,0.085057,0.000038],[0.666570,0.333300,0.000130],[0.919287,0.080671,0.000041],[0.441062,0.558745,0.000193],[0.574244,0.425627,0.000128],[0.907016,0.092847,0.000137],[0.876286,0.123566,0.000148],[0.945712,0.054239,0.000048],[0.972590,0.027408,0.000002],[0.942885,0.057029,0.000086],[0.192729,0.806552,0.000719],[0.000000,0.000000,1.000000],[0.716000,0.283922,0.000077],[0.257959,0.741737,0.000304],[0.000326,0.999660,0.000015],[0.012139,0.987757,0.000104],[0.859485,0.140453,0.000062],[0.000000,0.520864,0.479136],[0.000000,0.000000,1.000000],[0.946445,0.053518,0.000036],[0.000000,0.000000,1.000000],[0.021072,0.978579,0.000349],[0.000001,0.999953,0.000046],[0.962052,0.037914,0.000034],[0.173422,0.826389,0.000189],[0.057511,0.942313,0.000176],[0.919378,0.080580,0.000041],[0.001208,0.998734,0.000058],[0.927578,0.072375,0.000047],[0.796411,0.203542,0.000047],[0.974807,0.025190,0.000002],[0.001753,0.998190,0.000056],[0.000000,1.000000,0.000000],[0.000000,1.000000,0.000000],[0.851065,0.148390,0.000545],[0.978107,0.021888,0.000005],[0.966638,0.033360,0.000002],[0.000000,0.000000,1.000000],[0.964997,0.035002,0.000002],[0.952113,0.047876,0.000011],[0.941793,0.058129,0.000078],[0.882463,0.117526,0.000011],[0.000000,0.093633,0.906367],[0.000000,0.054258,0.945742],[0.893158,0.106814,0.000028],[0.950504,0.049488,0.000008],[0.968194,0.031788,0.000018],[0.977657,0.022335,0.000008],[0.079801,0.916502,0.003696],[0.868203,0.131749,0.000049],[0.972062,0.027926,0.000012],[0.965025,0.034941,0.000034],[0.960159,0.039821,0.000020],[0.909667,0.090307,0.000026],[0.949234,0.050758,0.000008],[0.973148,0.026850,0.000003],[0.972369,0.027628,0.000004],[0.903850,0.096125,0.000024],[0.000358,0.999185,0.000457],[0.967099,0.032879,0.000022],[0.966841,0.033158,0.000001],[0.852258,0.147682,0.000060],[0.879905,0.119862,0.000233],[0.921815,0.078123,0.000062],[0.946009,0.053903,0.000088],[0.185121,0.814440,0.000440],[0.914848,0.085124,0.000027],[0.968327,0.031651,0.000022],[0.041906,0.957678,0.000416],[0.664843,0.334887,0.000270],[0.951510,0.048459,0.000031],[0.055188,0.940120,0.004692],[0.000000,0.000000,1.000000],[0.804439,0.195474,0.000086],[0.969681,0.030318,0.000001],[0.012074,0.987724,0.000202],[0.976750,0.023238,0.000011],[0.525497,0.473744,0.000759],[0.961029,0.038942,0.000029],[0.979064,0.020932,0.000003],[0.713440,0.286223,0.000337],[0.866518,0.133335,0.000147],[0.938123,0.061798,0.000079],[0.808689,0.191161,0.000150],[0.324804,0.674942,0.000254],[0.000000,0.000000,1.000000],[0.961970,0.038016,0.000014],[0.928390,0.071536,0.000074],[0.956287,0.043711,0.000002],[0.702727,0.297256,0.000017],[0.792334,0.207650,0.000016],[0.006337,0.976464,0.017199],[0.439459,0.559600,0.000941],[0.818480,0.181304,0.000216],[0.893031,0.106827,0.000142],[0.000000,0.938515,0.061485],[0.004714,0.995189,0.000097],[0.969708,0.030291,0.000001],[0.920050,0.079920,0.000031],[0.563879,0.436087,0.000034],[0.000000,1.000000,0.000000],[0.000000,1.000000,0.000000],[0.862250,0.137454,0.000295],[0.568680,0.431287,0.000033],[0.000036,0.999942,0.000023],[0.000050,0.999943,0.000007],[0.000000,1.000000,0.000000],[0.960803,0.039194,0.000003],[0.778180,0.221390,0.000430],[0.003835,0.995733,0.000432],[0.963736,0.036259,0.000004],[0.953777,0.046221,0.000002],[0.974150,0.025845,0.000005],[0.973178,0.026820,0.000002],[0.969812,0.030171,0.000017],[0.975670,0.024324,0.000006],[0.973114,0.026873,0.000012],[0.000000,0.000000,1.000000],[0.975640,0.024357,0.000003],[0.975621,0.024368,0.000012],[0.941006,0.058976,0.000018],[0.974557,0.025439,0.000004],[0.966416,0.033576,0.000007],[0.962765,0.037231,0.000003],[0.943867,0.056123,0.000010],[0.968518,0.031477,0.000005],[0.781842,0.218048,0.000110],[0.806658,0.193287,0.000056],[0.956879,0.043102,0.000018],[0.946614,0.053359,0.000027],[0.001322,0.998550,0.000128],[0.667807,0.331780,0.000413],[0.950233,0.049733,0.000035],[0.020439,0.979475,0.000085],[0.353343,0.645893,0.000764],[0.119166,0.880441,0.000392],[0.944257,0.055706,0.000037],[0.367233,0.632246,0.000521],[0.000006,0.999959,0.000035],[0.965771,0.034225,0.000004],[0.891251,0.108644,0.000105],[0.661573,0.338257,0.000171],[0.880063,0.119887,0.000050],[0.930585,0.069405,0.000010],[0.934136,0.065839,0.000025],[0.963125,0.036873,0.000002],[0.975011,0.024986,0.000003],[0.577425,0.422168,0.000407],[0.000882,0.999031,0.000087],[0.903845,0.096126,0.000029],[0.854854,0.145009,0.000137],[0.949472,0.050521,0.000008],[0.913099,0.086877,0.000024],[0.967478,0.032521,0.000001],[0.956155,0.043842,0.000002],[0.958787,0.041212,0.000001],[0.974454,0.025543,0.000003],[0.930778,0.069213,0.000010],[0.046100,0.953553,0.000347],[0.953727,0.046269,0.000004],[0.954558,0.045442,0.000001],[0.000000,0.000000,1.000000],[0.927445,0.072554,0.000001],[0.966358,0.033626,0.000016],[0.959365,0.040626,0.000009],[0.974942,0.025047,0.000011],[0.961082,0.038897,0.000021],[0.925008,0.074983,0.000009],[0.849971,0.149979,0.000050],[0.948387,0.051601,0.000012],[0.845286,0.154709,0.000005],[0.959104,0.040894,0.000001],[0.964631,0.035353,0.000017],[0.811038,0.188864,0.000098],[0.951474,0.048456,0.000069],[0.932740,0.067230,0.000030],[0.958843,0.041141,0.000016],[0.974720,0.025269,0.000010],[0.967668,0.032327,0.000005],[0.647951,0.350788,0.001261],[0.956662,0.043337,0.000001],[0.777097,0.222754,0.000149],[0.000000,0.000000,1.000000],[0.908167,0.091741,0.000092],[0.917539,0.082401,0.000059],[0.976510,0.023488,0.000002],[0.947320,0.052674,0.000006],[0.438586,0.561188,0.000225],[0.955664,0.044334,0.000002],[0.968881,0.031108,0.000011],[0.693527,0.305808,0.000665],[0.198812,0.799111,0.002077],[0.043056,0.954477,0.002468],[0.573434,0.425470,0.001095]];
function renderAncestry() {
  const K = data_ancestry[0].length;
  const sortedIndices = data_ancestry.map((a,i)=>[a,i]).sort((a,b)=>{
    const maxA = Math.max(...a[0]); const maxB = Math.max(...b[0]);
    const idxA = a[0].indexOf(maxA); const idxB = b[0].indexOf(maxB);
    if(idxA !== idxB) return idxA - idxB; return maxB - maxA;
  }).map(x=>x[1]);
  const traces = [];
  for(let k=0; k<K; k++) {
    traces.push({ x: sortedIndices.map(idx => data_labels[idx]), y: sortedIndices.map(idx => data_ancestry[idx][k]), type:'bar', name:'Ancestry '+(k+1), marker:{color:colors[k%10]} });
  }
  Plotly.newPlot('ancestry', traces, { barmode:'stack', showlegend:false, xaxis:{showticklabels:false}, yaxis:{range:[0,1], title:'Proportion'}, margin:{t:10, b:20} }, cfg);
}
function updateColoring() {
  const mode = document.getElementById('colorMode').value;
  let xArr = data_pc1, yArr = data_pc2, zArr = data_pc3, assignments;
  if(mode === 'kmeans') assignments = data_kmeans;
  else if(mode === 'dbscan') assignments = data_dbscan;
  else if(mode === 'gmm') assignments = data_gmm;
  else { xArr = data_ld1; yArr = data_ld2; zArr = null; assignments = data_kmeans; }
  renderPlot('pc12', xArr, yArr, null, assignments, mode);
  if(document.getElementById('pc3d')) renderPlot('pc3d', xArr, yArr, zArr, assignments, mode);
}
function renderPlot(id, xArr, yArr, zArr, assignments, mode) {
  const unique = [...new Set(assignments)].sort((a,b)=>a-b);
  var traces = unique.map(k => {
    var cx=[], cy=[], cz=[], ct=[];
    for(var i=0; i<assignments.length; i++) {
      if(assignments[i] === k) { cx.push(xArr[i]); cy.push(yArr[i]); if(zArr) cz.push(zArr[i]); ct.push(data_labels[i]); }
    }
    var name = k === -1 ? 'Outliers' : 'Group '+(k+1);
    var color = k === -1 ? '#94a3b8' : colors[Math.abs(k)%10];
    return { x:cx, y:cy, z:zArr?cz:null, text:ct, name:name, type:zArr?'scatter3d':'scatter', mode:'markers', marker:{size:zArr?8:12, color:color, opacity:0.9, line:{width:1.5, color:'white'}}};
  });
  var layout = { margin: {t:30, b:30, l:50, r:50}, hovermode: 'closest', showlegend: true, legend: { orientation: 'h', y: -0.2 } };
  if(id==='pc3d') layout = { margin: {t:0,b:0,l:0,r:0}, scene: { xaxis:{title:mode==='dapc'?'LD1':'PC1'}, yaxis:{title:mode==='dapc'?'LD2':'PC2'}, zaxis:{title:'PC3'} }, legend: { orientation: 'h', y: 0.05 } };
  layout.xaxis = {title: mode==='dapc' ? 'Linear Discriminant 1 (LD1)' : 'Principal Component 1 (PC1)'};
  layout.yaxis = {title: mode==='dapc' ? 'Linear Discriminant 2 (LD2)' : 'Principal Component 2 (PC2)'};
  Plotly.react(id, traces, layout, cfg);
}
